image: auto_04.pgm
resolution: 0.050000
origin: [-7.500000, -21.900000, 0.000000]
negate: 0
occupied_thresh: 0.65
free_thresh: 0.196

